H BASIS
S 9
  1 0.013000      0.000706
  2 0.029900      -0.002119
  3 0.068770      0.057693
  4 0.158170      0.230695
  5 0.363792      0.277612
  6 0.836721      0.169833
  7 1.924458      0.097443
  8 4.426254      0.029966
  9 10.180385      -0.000452
S 1
  1 0.170483      1.000000
P 9
  1 0.003000      0.001242
  2 0.007800      -0.000913
  3 0.020281      -0.000054
  4 0.052730      -0.000238
  5 0.137097      -0.011530
  6 0.356451      -0.018235
  7 0.926774      -0.013929
  8 2.409612      -0.009395
  9 6.264991      -0.000347
S   1
  1      0.0297400              1.0000000        
P   1
  1      0.1410000              1.0000000 

C BASIS
S 9
  1 0.051344      0.013991
  2 0.102619      0.169852
  3 0.205100      0.397529
  4 0.409924      0.380369
  5 0.819297      0.180113
  6 1.637494      -0.033512
  7 3.272791      -0.121499
  8 6.541187      0.015176
  9 13.073594      -0.000705
S 1
  1 0.127852      1.000000
P 9
  1 0.029281      0.001787
  2 0.058547      0.050426
  3 0.117063      0.191634
  4 0.234064      0.302667
  5 0.468003      0.289868
  6 0.935757      0.210979
  7 1.871016      0.112024
  8 3.741035      0.054425
  9 7.480076      0.021931
P 1
  1 0.149161      1.000000
D 1
  1 0.561160      1.000000
S   1
  1      0.0469000              1.0000000        
P   1
  1      0.0404100              1.0000000        
D   1
  1      0.1510000              1.0000000 

N BASIS
S 9
  1 0.098869      0.067266
  2 0.211443      0.334290
  3 0.452197      0.454257
  4 0.967080      0.267861
  5 2.068221      0.000248
  6 4.423150      -0.132606
  7 9.459462      0.014437
  8 20.230246      0.000359
  9 43.264919      -0.000094
S 1
  1 0.175123      1.000000
P 9
  1 0.073234      0.035758
  2 0.145867      0.153945
  3 0.290535      0.277656
  4 0.578683      0.297676
  5 1.152612      0.234403
  6 2.295756      0.140321
  7 4.572652      0.067219
  8 9.107739      0.031594
  9 18.140657      0.003301
P 1
  1 0.223042      1.000000
D 1
  1 0.832058      1.000000
S   1
  1      0.0612400              1.0000000        
P   1
  1      0.0561100              1.0000000        
D   1
  1      0.2300000              1.0000000  


